255239
2312
643236
1840
114815
3562
4922
100302218
3557
137075
54064
5459
727832
196477
388722
283600
100616476
10687
4250
283685
83889
431705
94236
83851
285429
101927423
55384
146456
406983
387804
284067
105373801
102546227
100189267
101927543
102723623
912
105378957
401136
4920
57393
440243
23040
255101
4829
2892
100129518
101928932
5138
160365
6898
255809
100130717
84691
1041
6515
4624
6017
102724163
6304
100873940
100128023
100423017
1008
84830
9758
101060569
100653133
6414
283767
6273
259296
100506826
5321
101929541
5450
56
144568
51350
83729
9717
348158
3687
85445
53630
3218
100287082
7652
84913
5077
6614
386679
3081
1608
9227
346673
57582
2775
60468
4856
9900
60484
4656
553
127623
81309
283140
101928940
64221
728084
9472
105376746
283914
94150
284124
342574
284422
388555
284950
91353
4057
100506944
2243
2533
101928539
5145
2324
774
101928635
101930452
101927581
100422976
80070
3371
390595
79690
389641
10218
83733
344387
100128627
113179
100129075
3852
100506068
57692
1307
9148
3651
100189393
5146
4584
23581
115572
3852
100506606
800
117157
606495
11166
83881
100874201
56971
105376066
6791
11117
285598
219287
3400
8605
53833
344807
81893
105371417
387638
100505736
84530
8170
147719
5948
5329
5596
219858
1266
8404
9635
373856
6496
542767
138649
10202
2644
105373990
339883
135250
81617
2184
344387
101154753
6853
3820
128229
105377650
388701
283463
9256
100113379
10668
574407
93611
90632
101929567
101928909
84134
8632
23710
414318
631
7483
116224
23109
283375
388115
10350
401014
339967
9429
4017
55848
9543
79029
84465
10202
554203
10609
170082
26353
5317
150209
83478
201625
2274
388698
6688
2904
2103
283777
165545
6570
1417
375323
3767
284486
8820
93034
93164
100616354
155382
137902
54457
84791
100499467
285671
144699
130367
114905
29760
51233
100874195
57214
5653
84072
79098
55432
1380
144571
5744
254013
101929121
163154
151306
101929591
100
284837
339855
7368
100507341
642924
284541
647946
101926889
100189268
100874300
3397
284408
2152
2153
645191
100500828
751580
374659
100996437
57644
100874366
51265
101928834
79973
353322
103021295
26230
319085
8495
909
101927286
23495
116844
100847048
105370579
100507002
8632
101954266
389072
105376526
27296
9501
138241
5358
554236
57010
101927282
80162
51540
57150
101927102
2257
9752
93129
387640
101929196
391267
57514
387911
90693
78997
80035
100507316
23251
285352
5698
93655
27257
9479
8110
147807
100506286
317671
100873986
146177
10622
7851
100996761
79001
200765
828
100505811
6459
3563
84436
102723320
79689
169270
91179
26468
57713
653145
23464
3364
220042
118881
84953
100506123
54947
105370641
8847
2784
54491
100130100
5316
55020
10349
9108
163404
27127
398
389170
125893
353219
65989
8707
634
51104
80031
26796
132671
64077
60386
54102
3110
163786
100775107
23566
64377
5452
57333
1950
652995
5021
8611
254559
128240
55090
57657
64147
161497
57103
283652
101927233
6940
5465
105378176
29074
10398
54962
1636
819
8877
55277
255252
10651
102723390
65996
56624
161142
81932
55508
65258
115825
10071
51282
7753
23475
10873
92
1742
399833
10663
10439
84288
2888
203069
400746
54033
11172
123720
1676
23426
10172
203228
346157
90410
6637
284454
91750
51239
60370
4753
54463
154796
90580
4291
4578
100507650
120
100126512
5281
257106
101927217
339803
51256
130576
55107
3420
11099
8702
338657
51422
100132352
642236
11145
151556
23378
84069
752014
5187
55829
83590
9702
4575
340706
6322
84532
3338
8825
90637
79866
84133
441191
124923
1723
54432
23035
1514
4564
29777
57505
114818
120534
100505967
160762
101805492
414328
10248
10920
84246
285331
84795
3747
6546
222236
158
57139
253980
9383
54414
26869
6060
