255239
643236
1840
114815
3562
4922
100302218
3557
137075
54064
5459
388722
283600
100616476
57393
100129518
1041
6414
6273
259296
100506826
2775
60468
4856
101928635
101930452
101927581
100422976
80070
390595
79690
389641
10218
83733
344387
113179
100129075
3852
100506068
57692
1307
9148
100189393
5146
23581
100506606
800
606495
100874201
56971
6791
11117
285598
3400
8605
53833
344807
81893
387638
100505736
5329
5596
219858
8404
9635
373856
138649
2644
339883
135250
81617
2184
3820
128229
105377650
10668
574407
93611
90632
84134
8632
23710
414318
631
7483
116224
55848
9543
79029
84465
10202
554203
10609
170082
26353
5317
83478
201625
2274
3767
284486
8820
93034
93164
84791
100499467
285671
144699
130367
114905
29760
51233
57214
5653
284541
647946
101926889
100189268
100874300
3397
284408
374659
100996437
57644
100874366
51265
101928834
79973
103021295
26230
319085
8495
105370579
100507002
101954266
389072
9501
138241
554236
80162
51540
57150
2257
9752
93129
387640
101929196
391267
90693
80035
100507316
23251
285352
5698
93655
27257
9479
317671
10622
7851
79001
200765
828
100505811
84436
79689
169270
57713
653145
23464
3364
220042
118881
84953
100506123
54947
8847
54491
5316
55020
10349
9108
163404
27127
389170
125893
353219
65989
8707
634
51104
80031
26796
132671
64077
60386
54102
3110
163786
100775107
5021
8611
128240
55090
64147
57103
283652
6940
5465
105378176
29074
10398
54962
819
8877
55277
255252
10651
102723390
65996
56624
81932
55508
65258
115825
51282
7753
23475
92
1742
10439
84288
2888
203069
123720
1676
23426
10172
203228
90410
6637
284454
91750
51239
60370
4753
54463
154796
90580
4291
100507650
120
100126512
5281
339803
51256
130576
55107
3420
11099
8702
338657
51422
100132352
642236
11145
151556
23378
5187
55829
83590
9702
6322
84532
3338
8825
90637
79866
84133
441191
124923
1723
23035
1514
29777
57505
120534
100505967
160762
101805492
414328
10248
10920
84246
285331
84795
6546
222236
158
253980
