2312
727832
196477
10687
4250
283685
83889
431705
94236
83851
285429
101927423
55384
146456
406983
387804
284067
105373801
102546227
100189267
101927543
102723623
912
105378957
401136
4920
440243
23040
255101
4829
2892
101928932
5138
160365
6898
255809
100130717
84691
6515
4624
6017
102724163
6304
100873940
100128023
100423017
1008
84830
9758
101060569
100653133
283767
5321
101929541
5450
56
144568
51350
83729
9717
348158
3687
85445
53630
3218
100287082
7652
84913
5077
6614
386679
3081
1608
9227
346673
57582
9900
60484
4656
553
127623
81309
283140
101928940
64221
728084
9472
105376746
283914
94150
284124
342574
284422
388555
284950
91353
4057
100506944
2243
2533
101928539
5145
2324
774
3371
100128627
3651
4584
115572
3852
117157
11166
83881
105376066
219287
105371417
84530
8170
147719
5948
1266
6496
542767
10202
105373990
344387
101154753
6853
388701
283463
9256
100113379
101929567
101928909
23109
283375
388115
10350
401014
339967
9429
4017
150209
388698
6688
2904
2103
283777
165545
6570
1417
375323
100616354
155382
137902
54457
100874195
84072
79098
55432
1380
144571
5744
254013
101929121
163154
151306
101929591
100
284837
339855
7368
100507341
642924
2152
2153
645191
100500828
751580
353322
909
101927286
23495
116844
100847048
8632
105376526
27296
5358
57010
101927282
101927102
57514
387911
78997
8110
147807
100506286
100873986
146177
100996761
6459
3563
102723320
91179
26468
105370641
2784
100130100
398
23566
64377
5452
57333
1950
652995
254559
57657
161497
101927233
1636
161142
10071
10873
399833
10663
400746
54033
11172
346157
4578
257106
101927217
84069
752014
4575
340706
54432
4564
114818
3747
57139
9383
54414
26869
6060
